chrID	peakStart	peakStop	peakSize	logAveP	logMinP	aveLogP	aveChipCount	maxChipCount	aveInputCount	aveInputCountScaled	aveLog2Ratio
NC_013964.1	16000	16399	400	3.11668630003014	4.16162376448994	3.49865768773528	863	868	609.5	594.498835901886	0.537571110260937
NC_013964.1	54800	55199	400	1.43862024599338	6.43683462307059	3.78721352691218	874	899	620.5	605.228101192978	0.531059243908044
NC_013964.1	76600	76999	400	6.61189687319223	6.79164422007446	6.63839289515873	982	1032	652.5	636.440509312519	0.626384354101637
NC_013964.1	240000	240199	200	0.663199818266524	0.663199818266524	0.663199818266524	684	684	510	497.447754405187	0.458661693902358
NC_013964.1	327000	327199	200	0.487155401267062	0.487155401267062	0.487155401267062	805	805	637	621.321999129617	0.373118592247988
NC_013964.1	329200	329799	600	2.14169755112175	24.1377999559894	14.4040580826026	1198.33333333333	1376	722.666666666667	704.880216699638	0.741663702331126
NC_013966.1	49200	49799	600	1.54813638089513	12.0943278453306	5.22689728721391	945.666666666667	1101	657.333333333333	641.154883455575	0.550140296171679
NC_013966.1	232600	232999	400	10.4953078361662	14.7018830747555	12.4480872053298	1247.5	1256	772.5	753.487039760799	0.727441475938851
NC_013966.1	258400	258999	600	1.1400002691615	13.5814820066138	6.26181053158215	910.666666666667	1007	616.666666666667	601.489114803658	0.600893290090143
NC_013966.1	323400	323999	600	2.75340483120194	30.5209833031498	18.253739722518	1017.33333333333	1200	550	536.463264554614	0.897711769864267
NC_013966.1	364200	364999	800	1.74596817049294	49.4387551964226	24.0016819718293	956.5	1297	469.5	457.944550378893	0.991980411091691
NC_013966.1	440800	440999	200	0.705176451603201	0.705176451603201	0.705176451603201	725	725	549	535.487876800878	0.436423977941681
NC_013966.1	462400	462999	600	1.85922931525354	8.97685239022766	4.38102781879786	888	1004	618	602.789631808639	0.551995337332334
NC_013966.1	487000	487799	800	1.9318203512756	127.634661556408	63.2958746833754	1822.75	2685	763	744.22085610031	1.13481550965449
NC_013966.1	609400	609599	200	1.00317046891972	1.00317046891972	1.00317046891972	859	859	669	652.534407249158	0.39607346685293
NC_013966.1	635400	635799	400	4.27183911413892	12.7984177064243	8.3846134127726	999.5	1110	655	638.878978696858	0.680807008479902
NC_013967.1	33000	33399	400	0.819918901587105	2.84782495907502	1.68437749221703	1017	1040	801	781.285590742265	0.379965384773547
NC_013967.1	46400	46599	200	9.20221416413139	9.20221416413139	9.20221416413139	1077	1077	688	671.066774570135	0.681680690933216
NC_013967.1	49200	49799	600	1.94418277434748	16.0412939943026	6.7087131065515	1278.33333333333	1468	909.666666666667	887.277726648207	0.519034596967854
NC_013967.1	174600	174999	400	9.92252680232905	18.4468907079608	14.0341937576375	1105	1116	648.5	632.538958297577	0.807481367596973
NC_013967.1	236600	236999	400	4.25803041110785	4.95715071475641	4.47994596202385	869.5	904	595.5	580.843407349587	0.583249259812701
NC_013967.1	249600	249799	200	4.69766716360821	4.69766716360821	4.69766716360821	921	921	636	620.346611375881	0.56936846608615
NC_013967.1	304800	304999	200	0.668664740387279	0.668664740387279	0.668664740387279	802	802	626	610.592733838524	0.392828721196585
NC_013967.1	426200	426799	600	6.98273945212482	63.8644284261612	37.9073696059332	1374.66666666667	1655	633	617.420448114674	1.12041752425666
NC_013967.1	458000	458199	200	2.61946281194941	2.61946281194941	2.61946281194941	949	949	707	689.599141891113	0.46007897188218
NC_013967.1	719800	719999	200	2.46118852996774	2.46118852996774	2.46118852996774	853	853	623	607.666570577317	0.488583938113677
NC_013967.1	813800	814399	600	1.76313912949107	25.7371846821393	15.4832851059952	1110.66666666667	1312	659.333333333333	643.105658963046	0.791617718144613
NC_013967.1	912000	912199	200	0.490342006681563	0.490342006681563	0.490342006681563	793	793	625	609.617346084789	0.378870433946943
NC_013967.1	1115400	1115599	200	0.521739788045587	0.521739788045587	0.521739788045587	872	872	701	683.746815368699	0.350411002617336
NC_013967.1	1159400	1159999	600	53.0573603045646	152.432337820299	92.2156481232255	2068.66666666667	2697	673	656.4359582641	1.62094671280595
NC_013967.1	1307400	1307599	200	3.80875785621084	3.80875785621084	3.80875785621084	1293	1293	975	951.00305989227	0.442799501621214
NC_013967.1	1359600	1359999	400	1.02116975455223	2.11573106304648	1.42684886388683	895	940	691	673.992937831342	0.407469087330084
NC_013967.1	1391600	1392199	600	2.13783548245807	11.9164833279336	5.49634674840708	803.333333333333	932	526.666666666667	513.704216967448	0.635437161010334
NC_013967.1	1475400	1475799	400	1.86258215567435	3.67290013101066	2.61891305648473	1066.5	1107	819	798.842570309507	0.420534487901672
NC_013967.1	1485800	1486199	400	1.25121236274914	1.38499918531308	1.26703896919847	824	858	627	611.56812159226	0.429837371310639
NC_013967.1	1486600	1486999	400	1.12071361925971	2.0192359547944	1.43362726349004	1068.5	1085	853.5	832.493447813387	0.359563744804498
NC_013967.1	1594200	1594399	200	1.03803342951822	1.03803342951822	1.03803342951822	977	977	780	760.802447913816	0.360417541430301
NC_013967.1	1595800	1596199	400	13.0805723061579	17.9054123460161	15.3424789533768	1357	1414	811	791.039468279622	0.776606663120476
NC_013967.1	1600200	1601199	1000	2.12125468108008	3.76860693216669	2.49256385439032	1065	1118	816.8	796.696717251288	0.420271448788742
NC_013967.1	1601800	1602999	1200	1.29406211903795	7.27449062698725	3.64022431981549	1213.16666666667	1393	918.166666666667	895.56852255496	0.431201203599471
NC_013967.1	1700600	1701199	600	1.15136778338762	10.7776168361745	5.48141475071732	1046	1173	741.333333333333	723.087454769371	0.531273032339387
NC_013967.1	1720800	1721199	400	1.39578395890108	7.78389494258519	4.43932449733471	803	928	540	526.709387017257	0.595742841278344
NC_013967.1	1756200	1756599	400	5.82854170572418	8.67089418696198	7.09935909347237	1107.5	1124	749.5	731.053121424878	0.598736412381936
NC_013967.1	1870200	1870399	200	0.480335376453312	0.480335376453312	0.480335376453312	828	828	660	643.755917465537	0.362618992824011
NC_013967.1	1893200	1893799	600	1.20227727623353	3.87218707468861	2.53243563352777	745	791	523	510.127795203751	0.543061564286487
NC_013967.1	1895000	1895399	400	4.13712882378834	5.89910242639981	4.86948703583002	792	800	520.5	507.689325819412	0.640755082863026
NC_013967.1	1943600	1943799	200	0.61999513664913	0.61999513664913	0.61999513664913	739	739	566	552.069468614385	0.420064568344926
NC_013967.1	1947200	1947799	600	3.06916217624962	17.5092352970106	7.88159583630164	872.666666666667	947	558.666666666667	544.91662508699	0.681464122865598
NC_013967.1	1950000	1950399	400	1.1150604575635	3.93646943465365	2.37541381063263	776.5	815	557.5	543.778672707631	0.511402111335178
NC_013967.1	2058600	2058999	400	0.915134387720955	9.96397065635484	5.28903752430293	908	924	635.5	619.858917499013	0.56142188291646
NC_013967.1	2102200	2102599	400	5.42332786076448	7.14131150346234	6.13389315057146	985.5	1013	665.5	649.120550111083	0.603852910915507
NC_013967.1	2131000	2131199	200	3.35702830739605	3.35702830739605	3.35702830739605	708	708	471	459.407632009497	0.622873878766602
NC_013967.1	2148400	2148599	200	0.671233088413351	0.671233088413351	0.671233088413351	654	654	480	468.186121793118	0.481334566592195
NC_013967.1	2477200	2477999	800	1.07932012905189	163.557427519923	77.056536769969	1711.5	2621	623	607.666570577317	1.36252310069281
NC_013967.1	2700000	2700399	400	1.2949786390649	4.30646970915528	2.6503149405563	940	968	702.5	685.209896999302	0.455352302812723
NC_013967.1	2767000	2769799	2800	1.15692892479441	6.0643336957372	2.82824834356308	1155.64285714286	1441	888.714285714286	866.84103085565	0.411213366319754
NC_013968.1	22000	22199	200	1.05740052151026	1.05740052151026	1.05740052151026	1461	1461	1223	1192.89922281871	0.292262247615378
NC_013968.1	39200	39399	200	0.542398737274191	0.542398737274191	0.542398737274191	1309	1309	1133	1105.1143249825	0.244066305429399
NC_013968.1	54200	54599	400	2.60146631476141	5.9067191446901	4.10363150006396	1321	1331	1001	976.363141489397	0.437371473011645
NC_013968.1	57800	57999	200	3.0661727158381	3.0661727158381	3.0661727158381	1447	1447	1127	1099.26199846009	0.396214497878401
NC_013968.1	58600	58799	200	0.743603934160776	0.743603934160776	0.743603934160776	1286	1286	1087	1060.24648831066	0.278252273683879
NC_013968.1	73800	74199	400	0.799098167707935	1.14247472116936	0.876118250065881	1381	1406	1170	1141.20367187072	0.274702123115444
NC_013968.1	84600	84799	200	7.29526311021749	7.29526311021749	7.29526311021749	2031	2031	1577	1538.18648764114	0.400732363104331
